003020600
900305001
001806400
008102900
700000008
006708200
002609500
800203009
005010300

400000805
030000000
000700000
020000060
000080400
000010000
000603070
500200000
104000000

620100000
000003050
000000000
100000063
700200000
000080000
300004000
000050200
080000100

"Hardest" board ever, can't solve
800000000
003600000
070090200
050007000
000045700
000100030
001000068
008500010
090000400

extreme board, can't solve
400000009
002904800
070050040
050307010
008000600
030801020
020080030
006205700
500000001

000000000
230000004
567000000
000000000
000000000
000000000
000000000
000000000
000000000

007000000
036000000
025000000
000000000
000000000
000000000
000000000
000000000
040000000